#USM00072451 2023 01 01 00 0005   20 ncdc-gts ncdc-gts  389800  -774800
11 -9999  99600    93   264 -9999   148   180    31
20 -9999  92500   782    31 -9999    16   150    62
20 -9999  85000  1530   -22 -9999   102   195    98
20 -9999  70000  3133   -75 -9999    95   240   139
20 -9999  50000  5740  -178 -9999   258   265   139
20 -9999  40000  7450  -279 -9999   399   270   139
20 -9999  30000  9430  -413 -9999   533   270   129
20 -9999  25000 10610  -489 -9999   649   275   108
20 -9999  20000 11970  -567 -9999   737   280   103
20 -9999  15000 13610  -567 -9999   737   290    93
20 -9999  10000 16470  -567 -9999   737   300    82
20 -9999   7000 18640  -567 -9999   737   310    77
20 -9999   5000 20720  -567 -9999   737   280    57
20 -9999   3000 23810  -500 -9999   620   260    41
20 -9999   2000 26520  -500 -9999   620   250    36
20 -9999   1000 31150  -400 -9999   520   240    21
20 -9999  97500   457   189 -9999    79   160    41
20 -9999  93300   847    94 -9999    24   145    57
20 -9999  86000  1439   -18 -9999    68   190    82
20 -9999  80000  2100   -50 -9999   100   220   110
#USM00072451 2023 01 01 12 1202   25 ncdc-gts ncdc-gts  389800  -774800
11 -9999 101300    93   103 -9999    63   280    21
20 -9999  92500   811   -39 -9999    59   250    57
20 -9999  85000  1492   -83 -9999   173   270    82
20 -9999  70000  3070  -123 -9999   253   285   113
20 -9999  50000  5680  -198 -9999   378   275   144
20 -9999  40000  7370  -299 -9999   529   270   149
20 -9999  30000  9350  -433 -9999   633   275   134
20 -9999  25000 10520  -510 -9999   710   275   113
12 -9999  21400 11243  -541 -9999   737   260   199
20 -9999  20000 11890  -578 -9999   778   280   108
30 -9999  19260 12496 -9999 -9999 -9999   270   126
20 -9999  15000 13530  -578 -9999   778   285    98
20 -9999  10000 16350  -578 -9999   778   290    87
20 -9999   7000 18510  -578 -9999   778   300    82
20 -9999   5000 20600  -578 -9999   778   275    62
20 -9999   3000 23700  -510 -9999   710   255    46
20 -9999   2000 26410  -510 -9999   710   245    41
20 -9999   1000 31050  -410 -9999   610   235    26
20 -9999  98000   382    67 -9999    27   265    31
20 -9999  95500   606    17 -9999    23   260    41
20 -9999  90000  1107   -67 -9999   137   265    72
20 -9999  87000  1388   -89 -9999   169   270    77
20 -9999  80000  2000  -111 -9999   201   280    93
20 -9999  75000  2540  -117 -9999   237   285    98
20 -9999  66000  3500  -139 -9999   289   290   108
20 -9999  60000  4250  -167 -9999   347   280   123
20 -9999  55000  4850  -189 -9999   360   275   134
#USM00072451 2023 01 02 00 0010   18 ncdc-gts ncdc-gts  389800  -774800
11 -9999 101700    93   -11 -9999    21   310    15
20 -9999  92500   774   -89 -9999   119   290    57
20 -9999  85000  1440  -128 -9999   248   295    77
20 -9999  70000  3020  -178 -9999   358   280   108
20 -9999  50000  5620  -228 -9999   448   270   134
20 -9999  40000  7320  -329 -9999   569   265   144
20 -9999  30000  9290  -443 -9999   663   270   129
20 -9999  25000 10460  -530 -9999   740   270   113
20 -9999  20000 11830  -598 -9999   808   275   103
20 -9999  15000 13460  -598 -9999   808   280    93
20 -9999  10000 16280  -598 -9999   808   285    82
20 -9999   7000 18440  -598 -9999   808   295    77
20 -9999   5000 20540  -598 -9999   808   270    57
20 -9999   3000 23630  -530 -9999   740   250    41
20 -9999   2000 26340  -530 -9999   740   240    36
20 -9999   1000 30970  -430 -9999   640   230    21
20 -9999  96000   533   -56 -9999    76   300    46
20 -9999  88000  1280  -117 -9999   207   295    67
